2.54366e-05
0.000455722
0.000620835
0.000683737
0.000704677
0.000709092
0.000708441
0.000707749
0.000708441
0.000709092
0.000704677
0.000683737
0.000620835
0.000455722
2.54366e-05
0.000455722
0.00119633
0.00154964
0.0017243
0.00181076
0.00185242
0.00187079
0.00187593
0.00187079
0.00185242
0.00181076
0.0017243
0.00154964
0.00119633
0.000455722
0.000620835
0.00154964
0.00205192
0.00233483
0.00249559
0.00258485
0.00262961
0.00264319
0.00262961
0.00258485
0.00249559
0.00233483
0.00205192
0.00154964
0.000620835
0.000683737
0.0017243
0.00233483
0.0027092
0.00294042
0.00307883
0.00315242
0.00317547
0.00315242
0.00307883
0.00294042
0.0027092
0.00233483
0.0017243
0.000683737
0.000704677
0.00181076
0.00249559
0.00294042
0.00323108
0.00341386
0.00351469
0.00354691
0.00351469
0.00341386
0.00323108
0.00294042
0.00249559
0.00181076
0.000704677
0.000709092
0.00185242
0.00258485
0.00307883
0.00341386
0.00363157
0.00375461
0.00379445
0.00375461
0.00363157
0.00341386
0.00307883
0.00258485
0.00185242
0.000709092
0.000708441
0.00187079
0.00262961
0.00315242
0.00351469
0.00375461
0.00389215
0.00393702
0.00389215
0.00375461
0.00351469
0.00315242
0.00262961
0.00187079
0.000708441
0.000707749
0.00187593
0.00264319
0.00317547
0.00354691
0.00379445
0.00393702
0.00398365
0.00393702
0.00379445
0.00354691
0.00317547
0.00264319
0.00187593
0.000707749
0.000708441
0.00187079
0.00262961
0.00315242
0.00351469
0.00375461
0.00389215
0.00393702
0.00389215
0.00375461
0.00351469
0.00315242
0.00262961
0.00187079
0.000708441
0.000709092
0.00185242
0.00258485
0.00307883
0.00341386
0.00363157
0.00375461
0.00379445
0.00375461
0.00363157
0.00341386
0.00307883
0.00258485
0.00185242
0.000709092
0.000704677
0.00181076
0.00249559
0.00294042
0.00323108
0.00341386
0.00351469
0.00354691
0.00351469
0.00341386
0.00323108
0.00294042
0.00249559
0.00181076
0.000704677
0.000683737
0.0017243
0.00233483
0.0027092
0.00294042
0.00307883
0.00315242
0.00317547
0.00315242
0.00307883
0.00294042
0.0027092
0.00233483
0.0017243
0.000683737
0.000620835
0.00154964
0.00205192
0.00233483
0.00249559
0.00258485
0.00262961
0.00264319
0.00262961
0.00258485
0.00249559
0.00233483
0.00205192
0.00154964
0.000620835
0.000455722
0.00119633
0.00154964
0.0017243
0.00181076
0.00185242
0.00187079
0.00187593
0.00187079
0.00185242
0.00181076
0.0017243
0.00154964
0.00119633
0.000455722
2.54366e-05
0.000455722
0.000620835
0.000683737
0.000704677
0.000709092
0.000708441
0.000707749
0.000708441
0.000709092
0.000704677
0.000683737
0.000620835
0.000455722
2.54366e-05
0.000455722
0.00119633
0.00154964
0.0017243
0.00181076
0.00185242
0.00187079
0.00187593
0.00187079
0.00185242
0.00181076
0.0017243
0.00154964
0.00119633
0.000455722
0.00119633
0.00254045
0.00329886
0.0037362
0.00398861
0.00413048
0.00420231
0.00422423
0.00420231
0.00413048
0.00398861
0.0037362
0.00329886
0.00254045
0.00119633
0.00154964
0.00329886
0.00439169
0.00508226
0.00551448
0.00577452
0.00591299
0.0059564
0.00591299
0.00577452
0.00551448
0.00508226
0.00439169
0.00329886
0.00154964
0.0017243
0.0037362
0.00508226
0.00598967
0.00659142
0.00697112
0.00718031
0.00724707
0.00718031
0.00697112
0.00659142
0.00598967
0.00508226
0.0037362
0.0017243
0.00181076
0.00398861
0.00551448
0.00659142
0.00733656
0.00782379
0.00809921
0.0081883
0.00809921
0.00782379
0.00733656
0.00659142
0.00551448
0.00398861
0.00181076
0.00185242
0.00413048
0.00577452
0.00697112
0.00782379
0.00839561
0.00872489
0.00883245
0.00872489
0.00839561
0.00782379
0.00697112
0.00577452
0.00413048
0.00185242
0.00187079
0.00420231
0.00591299
0.00718031
0.00809921
0.00872489
0.00908928
0.00920902
0.00908928
0.00872489
0.00809921
0.00718031
0.00591299
0.00420231
0.00187079
0.00187593
0.00422423
0.0059564
0.00724707
0.0081883
0.00883245
0.00920902
0.00933302
0.00920902
0.00883245
0.0081883
0.00724707
0.0059564
0.00422423
0.00187593
0.00187079
0.00420231
0.00591299
0.00718031
0.00809921
0.00872489
0.00908928
0.00920902
0.00908928
0.00872489
0.00809921
0.00718031
0.00591299
0.00420231
0.00187079
0.00185242
0.00413048
0.00577452
0.00697112
0.00782379
0.00839561
0.00872489
0.00883245
0.00872489
0.00839561
0.00782379
0.00697112
0.00577452
0.00413048
0.00185242
0.00181076
0.00398861
0.00551448
0.00659142
0.00733656
0.00782379
0.00809921
0.0081883
0.00809921
0.00782379
0.00733656
0.00659142
0.00551448
0.00398861
0.00181076
0.0017243
0.0037362
0.00508226
0.00598967
0.00659142
0.00697112
0.00718031
0.00724707
0.00718031
0.00697112
0.00659142
0.00598967
0.00508226
0.0037362
0.0017243
0.00154964
0.00329886
0.00439169
0.00508226
0.00551448
0.00577452
0.00591299
0.0059564
0.00591299
0.00577452
0.00551448
0.00508226
0.00439169
0.00329886
0.00154964
0.00119633
0.00254045
0.00329886
0.0037362
0.00398861
0.00413048
0.00420231
0.00422423
0.00420231
0.00413048
0.00398861
0.0037362
0.00329886
0.00254045
0.00119633
0.000455722
0.00119633
0.00154964
0.0017243
0.00181076
0.00185242
0.00187079
0.00187593
0.00187079
0.00185242
0.00181076
0.0017243
0.00154964
0.00119633
0.000455722
0.000620835
0.00154964
0.00205192
0.00233483
0.00249559
0.00258485
0.00262961
0.00264319
0.00262961
0.00258485
0.00249559
0.00233483
0.00205192
0.00154964
0.000620835
0.00154964
0.00329886
0.00439169
0.00508226
0.00551448
0.00577452
0.00591299
0.0059564
0.00591299
0.00577452
0.00551448
0.00508226
0.00439169
0.00329886
0.00154964
0.00205192
0.00439169
0.00598927
0.00707531
0.00779651
0.00825066
0.00850017
0.00857965
0.00850017
0.00825066
0.00779651
0.00707531
0.00598927
0.00439169
0.00205192
0.00233483
0.00508226
0.00707531
0.00850499
0.00949876
0.0101475
0.010513
0.0106309
0.010513
0.0101475
0.00949876
0.00850499
0.00707531
0.00508226
0.00233483
0.00249559
0.00551448
0.00779651
0.00949876
0.0107242
0.0115476
0.012021
0.0121754
0.012021
0.0115476
0.0107242
0.00949876
0.00779651
0.00551448
0.00249559
0.00258485
0.00577452
0.00825066
0.0101475
0.0115476
0.0125085
0.0130695
0.013254
0.0130695
0.0125085
0.0115476
0.0101475
0.00825066
0.00577452
0.00258485
0.00262961
0.00591299
0.00850017
0.010513
0.012021
0.0130695
0.0136877
0.013892
0.0136877
0.0130695
0.012021
0.010513
0.00850017
0.00591299
0.00262961
0.00264319
0.0059564
0.00857965
0.0106309
0.0121754
0.013254
0.013892
0.0141032
0.013892
0.013254
0.0121754
0.0106309
0.00857965
0.0059564
0.00264319
0.00262961
0.00591299
0.00850017
0.010513
0.012021
0.0130695
0.0136877
0.013892
0.0136877
0.0130695
0.012021
0.010513
0.00850017
0.00591299
0.00262961
0.00258485
0.00577452
0.00825066
0.0101475
0.0115476
0.0125085
0.0130695
0.013254
0.0130695
0.0125085
0.0115476
0.0101475
0.00825066
0.00577452
0.00258485
0.00249559
0.00551448
0.00779651
0.00949876
0.0107242
0.0115476
0.012021
0.0121754
0.012021
0.0115476
0.0107242
0.00949876
0.00779651
0.00551448
0.00249559
0.00233483
0.00508226
0.00707531
0.00850499
0.00949876
0.0101475
0.010513
0.0106309
0.010513
0.0101475
0.00949876
0.00850499
0.00707531
0.00508226
0.00233483
0.00205192
0.00439169
0.00598927
0.00707531
0.00779651
0.00825066
0.00850017
0.00857965
0.00850017
0.00825066
0.00779651
0.00707531
0.00598927
0.00439169
0.00205192
0.00154964
0.00329886
0.00439169
0.00508226
0.00551448
0.00577452
0.00591299
0.0059564
0.00591299
0.00577452
0.00551448
0.00508226
0.00439169
0.00329886
0.00154964
0.000620835
0.00154964
0.00205192
0.00233483
0.00249559
0.00258485
0.00262961
0.00264319
0.00262961
0.00258485
0.00249559
0.00233483
0.00205192
0.00154964
0.000620835
0.000683737
0.0017243
0.00233483
0.0027092
0.00294042
0.00307883
0.00315242
0.00317547
0.00315242
0.00307883
0.00294042
0.0027092
0.00233483
0.0017243
0.000683737
0.0017243
0.0037362
0.00508226
0.00598967
0.00659142
0.00697112
0.00718031
0.00724707
0.00718031
0.00697112
0.00659142
0.00598967
0.00508226
0.0037362
0.0017243
0.00233483
0.00508226
0.00707531
0.00850499
0.00949876
0.0101475
0.010513
0.0106309
0.010513
0.0101475
0.00949876
0.00850499
0.00707531
0.00508226
0.00233483
0.0027092
0.00598967
0.00850499
0.0103957
0.0117609
0.0126784
0.0132055
0.0133772
0.0132055
0.0126784
0.0117609
0.0103957
0.00850499
0.00598967
0.0027092
0.00294042
0.00659142
0.00949876
0.0117609
0.0134443
0.0146034
0.0152806
0.0155031
0.0152806
0.0146034
0.0134443
0.0117609
0.00949876
0.00659142
0.00294042
0.00307883
0.00697112
0.0101475
0.0126784
0.0146034
0.0159532
0.0167524
0.0170169
0.0167524
0.0159532
0.0146034
0.0126784
0.0101475
0.00697112
0.00307883
0.00315242
0.00718031
0.010513
0.0132055
0.0152806
0.0167524
0.0176311
0.0179232
0.0176311
0.0167524
0.0152806
0.0132055
0.010513
0.00718031
0.00315242
0.00317547
0.00724707
0.0106309
0.0133772
0.0155031
0.0170169
0.0179232
0.018225
0.0179232
0.0170169
0.0155031
0.0133772
0.0106309
0.00724707
0.00317547
0.00315242
0.00718031
0.010513
0.0132055
0.0152806
0.0167524
0.0176311
0.0179232
0.0176311
0.0167524
0.0152806
0.0132055
0.010513
0.00718031
0.00315242
0.00307883
0.00697112
0.0101475
0.0126784
0.0146034
0.0159532
0.0167524
0.0170169
0.0167524
0.0159532
0.0146034
0.0126784
0.0101475
0.00697112
0.00307883
0.00294042
0.00659142
0.00949876
0.0117609
0.0134443
0.0146034
0.0152806
0.0155031
0.0152806
0.0146034
0.0134443
0.0117609
0.00949876
0.00659142
0.00294042
0.0027092
0.00598967
0.00850499
0.0103957
0.0117609
0.0126784
0.0132055
0.0133772
0.0132055
0.0126784
0.0117609
0.0103957
0.00850499
0.00598967
0.0027092
0.00233483
0.00508226
0.00707531
0.00850499
0.00949876
0.0101475
0.010513
0.0106309
0.010513
0.0101475
0.00949876
0.00850499
0.00707531
0.00508226
0.00233483
0.0017243
0.0037362
0.00508226
0.00598967
0.00659142
0.00697112
0.00718031
0.00724707
0.00718031
0.00697112
0.00659142
0.00598967
0.00508226
0.0037362
0.0017243
0.000683737
0.0017243
0.00233483
0.0027092
0.00294042
0.00307883
0.00315242
0.00317547
0.00315242
0.00307883
0.00294042
0.0027092
0.00233483
0.0017243
0.000683737
0.000704677
0.00181076
0.00249559
0.00294042
0.00323108
0.00341386
0.00351469
0.00354691
0.00351469
0.00341386
0.00323108
0.00294042
0.00249559
0.00181076
0.000704677
0.00181076
0.00398861
0.00551448
0.00659142
0.00733656
0.00782379
0.00809921
0.0081883
0.00809921
0.00782379
0.00733656
0.00659142
0.00551448
0.00398861
0.00181076
0.00249559
0.00551448
0.00779651
0.00949876
0.0107242
0.0115476
0.012021
0.0121754
0.012021
0.0115476
0.0107242
0.00949876
0.00779651
0.00551448
0.00249559
0.00294042
0.00659142
0.00949876
0.0117609
0.0134443
0.0146034
0.0152806
0.0155031
0.0152806
0.0146034
0.0134443
0.0117609
0.00949876
0.00659142
0.00294042
0.00323108
0.00733656
0.0107242
0.0134443
0.0155233
0.0169851
0.0178516
0.0181386
0.0178516
0.0169851
0.0155233
0.0134443
0.0107242
0.00733656
0.00323108
0.00341386
0.00782379
0.0115476
0.0146034
0.0169851
0.0186871
0.0197077
0.0200478
0.0197077
0.0186871
0.0169851
0.0146034
0.0115476
0.00782379
0.00341386
0.00351469
0.00809921
0.012021
0.0152806
0.0178516
0.0197077
0.0208292
0.0212042
0.0208292
0.0197077
0.0178516
0.0152806
0.012021
0.00809921
0.00351469
0.00354691
0.0081883
0.0121754
0.0155031
0.0181386
0.0200478
0.0212042
0.0215916
0.0212042
0.0200478
0.0181386
0.0155031
0.0121754
0.0081883
0.00354691
0.00351469
0.00809921
0.012021
0.0152806
0.0178516
0.0197077
0.0208292
0.0212042
0.0208292
0.0197077
0.0178516
0.0152806
0.012021
0.00809921
0.00351469
0.00341386
0.00782379
0.0115476
0.0146034
0.0169851
0.0186871
0.0197077
0.0200478
0.0197077
0.0186871
0.0169851
0.0146034
0.0115476
0.00782379
0.00341386
0.00323108
0.00733656
0.0107242
0.0134443
0.0155233
0.0169851
0.0178516
0.0181386
0.0178516
0.0169851
0.0155233
0.0134443
0.0107242
0.00733656
0.00323108
0.00294042
0.00659142
0.00949876
0.0117609
0.0134443
0.0146034
0.0152806
0.0155031
0.0152806
0.0146034
0.0134443
0.0117609
0.00949876
0.00659142
0.00294042
0.00249559
0.00551448
0.00779651
0.00949876
0.0107242
0.0115476
0.012021
0.0121754
0.012021
0.0115476
0.0107242
0.00949876
0.00779651
0.00551448
0.00249559
0.00181076
0.00398861
0.00551448
0.00659142
0.00733656
0.00782379
0.00809921
0.0081883
0.00809921
0.00782379
0.00733656
0.00659142
0.00551448
0.00398861
0.00181076
0.000704677
0.00181076
0.00249559
0.00294042
0.00323108
0.00341386
0.00351469
0.00354691
0.00351469
0.00341386
0.00323108
0.00294042
0.00249559
0.00181076
0.000704677
0.000709092
0.00185242
0.00258485
0.00307883
0.00341386
0.00363157
0.00375461
0.00379445
0.00375461
0.00363157
0.00341386
0.00307883
0.00258485
0.00185242
0.000709092
0.00185242
0.00413048
0.00577452
0.00697112
0.00782379
0.00839561
0.00872489
0.00883245
0.00872489
0.00839561
0.00782379
0.00697112
0.00577452
0.00413048
0.00185242
0.00258485
0.00577452
0.00825066
0.0101475
0.0115476
0.0125085
0.0130695
0.013254
0.0130695
0.0125085
0.0115476
0.0101475
0.00825066
0.00577452
0.00258485
0.00307883
0.00697112
0.0101475
0.0126784
0.0146034
0.0159532
0.0167524
0.0170169
0.0167524
0.0159532
0.0146034
0.0126784
0.0101475
0.00697112
0.00307883
0.00341386
0.00782379
0.0115476
0.0146034
0.0169851
0.0186871
0.0197077
0.0200478
0.0197077
0.0186871
0.0169851
0.0146034
0.0115476
0.00782379
0.00341386
0.00363157
0.00839561
0.0125085
0.0159532
0.0186871
0.0206697
0.0218711
0.0222736
0.0218711
0.0206697
0.0186871
0.0159532
0.0125085
0.00839561
0.00363157
0.00375461
0.00872489
0.0130695
0.0167524
0.0197077
0.0218711
0.023191
0.0236347
0.023191
0.0218711
0.0197077
0.0167524
0.0130695
0.00872489
0.00375461
0.00379445
0.00883245
0.013254
0.0170169
0.0200478
0.0222736
0.0236347
0.0240929
0.0236347
0.0222736
0.0200478
0.0170169
0.013254
0.00883245
0.00379445
0.00375461
0.00872489
0.0130695
0.0167524
0.0197077
0.0218711
0.023191
0.0236347
0.023191
0.0218711
0.0197077
0.0167524
0.0130695
0.00872489
0.00375461
0.00363157
0.00839561
0.0125085
0.0159532
0.0186871
0.0206697
0.0218711
0.0222736
0.0218711
0.0206697
0.0186871
0.0159532
0.0125085
0.00839561
0.00363157
0.00341386
0.00782379
0.0115476
0.0146034
0.0169851
0.0186871
0.0197077
0.0200478
0.0197077
0.0186871
0.0169851
0.0146034
0.0115476
0.00782379
0.00341386
0.00307883
0.00697112
0.0101475
0.0126784
0.0146034
0.0159532
0.0167524
0.0170169
0.0167524
0.0159532
0.0146034
0.0126784
0.0101475
0.00697112
0.00307883
0.00258485
0.00577452
0.00825066
0.0101475
0.0115476
0.0125085
0.0130695
0.013254
0.0130695
0.0125085
0.0115476
0.0101475
0.00825066
0.00577452
0.00258485
0.00185242
0.00413048
0.00577452
0.00697112
0.00782379
0.00839561
0.00872489
0.00883245
0.00872489
0.00839561
0.00782379
0.00697112
0.00577452
0.00413048
0.00185242
0.000709092
0.00185242
0.00258485
0.00307883
0.00341386
0.00363157
0.00375461
0.00379445
0.00375461
0.00363157
0.00341386
0.00307883
0.00258485
0.00185242
0.000709092
0.000708441
0.00187079
0.00262961
0.00315242
0.00351469
0.00375461
0.00389215
0.00393702
0.00389215
0.00375461
0.00351469
0.00315242
0.00262961
0.00187079
0.000708441
0.00187079
0.00420231
0.00591299
0.00718031
0.00809921
0.00872489
0.00908928
0.00920902
0.00908928
0.00872489
0.00809921
0.00718031
0.00591299
0.00420231
0.00187079
0.00262961
0.00591299
0.00850017
0.010513
0.012021
0.0130695
0.0136877
0.013892
0.0136877
0.0130695
0.012021
0.010513
0.00850017
0.00591299
0.00262961
0.00315242
0.00718031
0.010513
0.0132055
0.0152806
0.0167524
0.0176311
0.0179232
0.0176311
0.0167524
0.0152806
0.0132055
0.010513
0.00718031
0.00315242
0.00351469
0.00809921
0.012021
0.0152806
0.0178516
0.0197077
0.0208292
0.0212042
0.0208292
0.0197077
0.0178516
0.0152806
0.012021
0.00809921
0.00351469
0.00375461
0.00872489
0.0130695
0.0167524
0.0197077
0.0218711
0.023191
0.0236347
0.023191
0.0218711
0.0197077
0.0167524
0.0130695
0.00872489
0.00375461
0.00389215
0.00908928
0.0136877
0.0176311
0.0208292
0.023191
0.0246413
0.0251304
0.0246413
0.023191
0.0208292
0.0176311
0.0136877
0.00908928
0.00389215
0.00393702
0.00920902
0.013892
0.0179232
0.0212042
0.0236347
0.0251304
0.0256355
0.0251304
0.0236347
0.0212042
0.0179232
0.013892
0.00920902
0.00393702
0.00389215
0.00908928
0.0136877
0.0176311
0.0208292
0.023191
0.0246413
0.0251304
0.0246413
0.023191
0.0208292
0.0176311
0.0136877
0.00908928
0.00389215
0.00375461
0.00872489
0.0130695
0.0167524
0.0197077
0.0218711
0.023191
0.0236347
0.023191
0.0218711
0.0197077
0.0167524
0.0130695
0.00872489
0.00375461
0.00351469
0.00809921
0.012021
0.0152806
0.0178516
0.0197077
0.0208292
0.0212042
0.0208292
0.0197077
0.0178516
0.0152806
0.012021
0.00809921
0.00351469
0.00315242
0.00718031
0.010513
0.0132055
0.0152806
0.0167524
0.0176311
0.0179232
0.0176311
0.0167524
0.0152806
0.0132055
0.010513
0.00718031
0.00315242
0.00262961
0.00591299
0.00850017
0.010513
0.012021
0.0130695
0.0136877
0.013892
0.0136877
0.0130695
0.012021
0.010513
0.00850017
0.00591299
0.00262961
0.00187079
0.00420231
0.00591299
0.00718031
0.00809921
0.00872489
0.00908928
0.00920902
0.00908928
0.00872489
0.00809921
0.00718031
0.00591299
0.00420231
0.00187079
0.000708441
0.00187079
0.00262961
0.00315242
0.00351469
0.00375461
0.00389215
0.00393702
0.00389215
0.00375461
0.00351469
0.00315242
0.00262961
0.00187079
0.000708441
0.000707749
0.00187593
0.00264319
0.00317547
0.00354691
0.00379445
0.00393702
0.00398365
0.00393702
0.00379445
0.00354691
0.00317547
0.00264319
0.00187593
0.000707749
0.00187593
0.00422423
0.0059564
0.00724707
0.0081883
0.00883245
0.00920902
0.00933302
0.00920902
0.00883245
0.0081883
0.00724707
0.0059564
0.00422423
0.00187593
0.00264319
0.0059564
0.00857965
0.0106309
0.0121754
0.013254
0.013892
0.0141032
0.013892
0.013254
0.0121754
0.0106309
0.00857965
0.0059564
0.00264319
0.00317547
0.00724707
0.0106309
0.0133772
0.0155031
0.0170169
0.0179232
0.018225
0.0179232
0.0170169
0.0155031
0.0133772
0.0106309
0.00724707
0.00317547
0.00354691
0.0081883
0.0121754
0.0155031
0.0181386
0.0200478
0.0212042
0.0215916
0.0212042
0.0200478
0.0181386
0.0155031
0.0121754
0.0081883
0.00354691
0.00379445
0.00883245
0.013254
0.0170169
0.0200478
0.0222736
0.0236347
0.0240929
0.0236347
0.0222736
0.0200478
0.0170169
0.013254
0.00883245
0.00379445
0.00393702
0.00920902
0.013892
0.0179232
0.0212042
0.0236347
0.0251304
0.0256355
0.0251304
0.0236347
0.0212042
0.0179232
0.013892
0.00920902
0.00393702
0.00398365
0.00933302
0.0141032
0.018225
0.0215916
0.0240929
0.0256355
0.026157
0.0256355
0.0240929
0.0215916
0.018225
0.0141032
0.00933302
0.00398365
0.00393702
0.00920902
0.013892
0.0179232
0.0212042
0.0236347
0.0251304
0.0256355
0.0251304
0.0236347
0.0212042
0.0179232
0.013892
0.00920902
0.00393702
0.00379445
0.00883245
0.013254
0.0170169
0.0200478
0.0222736
0.0236347
0.0240929
0.0236347
0.0222736
0.0200478
0.0170169
0.013254
0.00883245
0.00379445
0.00354691
0.0081883
0.0121754
0.0155031
0.0181386
0.0200478
0.0212042
0.0215916
0.0212042
0.0200478
0.0181386
0.0155031
0.0121754
0.0081883
0.00354691
0.00317547
0.00724707
0.0106309
0.0133772
0.0155031
0.0170169
0.0179232
0.018225
0.0179232
0.0170169
0.0155031
0.0133772
0.0106309
0.00724707
0.00317547
0.00264319
0.0059564
0.00857965
0.0106309
0.0121754
0.013254
0.013892
0.0141032
0.013892
0.013254
0.0121754
0.0106309
0.00857965
0.0059564
0.00264319
0.00187593
0.00422423
0.0059564
0.00724707
0.0081883
0.00883245
0.00920902
0.00933302
0.00920902
0.00883245
0.0081883
0.00724707
0.0059564
0.00422423
0.00187593
0.000707749
0.00187593
0.00264319
0.00317547
0.00354691
0.00379445
0.00393702
0.00398365
0.00393702
0.00379445
0.00354691
0.00317547
0.00264319
0.00187593
0.000707749
0.000708441
0.00187079
0.00262961
0.00315242
0.00351469
0.00375461
0.00389215
0.00393702
0.00389215
0.00375461
0.00351469
0.00315242
0.00262961
0.00187079
0.000708441
0.00187079
0.00420231
0.00591299
0.00718031
0.00809921
0.00872489
0.00908928
0.00920902
0.00908928
0.00872489
0.00809921
0.00718031
0.00591299
0.00420231
0.00187079
0.00262961
0.00591299
0.00850017
0.010513
0.012021
0.0130695
0.0136877
0.013892
0.0136877
0.0130695
0.012021
0.010513
0.00850017
0.00591299
0.00262961
0.00315242
0.00718031
0.010513
0.0132055
0.0152806
0.0167524
0.0176311
0.0179232
0.0176311
0.0167524
0.0152806
0.0132055
0.010513
0.00718031
0.00315242
0.00351469
0.00809921
0.012021
0.0152806
0.0178516
0.0197077
0.0208292
0.0212042
0.0208292
0.0197077
0.0178516
0.0152806
0.012021
0.00809921
0.00351469
0.00375461
0.00872489
0.0130695
0.0167524
0.0197077
0.0218711
0.023191
0.0236347
0.023191
0.0218711
0.0197077
0.0167524
0.0130695
0.00872489
0.00375461
0.00389215
0.00908928
0.0136877
0.0176311
0.0208292
0.023191
0.0246413
0.0251304
0.0246413
0.023191
0.0208292
0.0176311
0.0136877
0.00908928
0.00389215
0.00393702
0.00920902
0.013892
0.0179232
0.0212042
0.0236347
0.0251304
0.0256355
0.0251304
0.0236347
0.0212042
0.0179232
0.013892
0.00920902
0.00393702
0.00389215
0.00908928
0.0136877
0.0176311
0.0208292
0.023191
0.0246413
0.0251304
0.0246413
0.023191
0.0208292
0.0176311
0.0136877
0.00908928
0.00389215
0.00375461
0.00872489
0.0130695
0.0167524
0.0197077
0.0218711
0.023191
0.0236347
0.023191
0.0218711
0.0197077
0.0167524
0.0130695
0.00872489
0.00375461
0.00351469
0.00809921
0.012021
0.0152806
0.0178516
0.0197077
0.0208292
0.0212042
0.0208292
0.0197077
0.0178516
0.0152806
0.012021
0.00809921
0.00351469
0.00315242
0.00718031
0.010513
0.0132055
0.0152806
0.0167524
0.0176311
0.0179232
0.0176311
0.0167524
0.0152806
0.0132055
0.010513
0.00718031
0.00315242
0.00262961
0.00591299
0.00850017
0.010513
0.012021
0.0130695
0.0136877
0.013892
0.0136877
0.0130695
0.012021
0.010513
0.00850017
0.00591299
0.00262961
0.00187079
0.00420231
0.00591299
0.00718031
0.00809921
0.00872489
0.00908928
0.00920902
0.00908928
0.00872489
0.00809921
0.00718031
0.00591299
0.00420231
0.00187079
0.000708441
0.00187079
0.00262961
0.00315242
0.00351469
0.00375461
0.00389215
0.00393702
0.00389215
0.00375461
0.00351469
0.00315242
0.00262961
0.00187079
0.000708441
0.000709092
0.00185242
0.00258485
0.00307883
0.00341386
0.00363157
0.00375461
0.00379445
0.00375461
0.00363157
0.00341386
0.00307883
0.00258485
0.00185242
0.000709092
0.00185242
0.00413048
0.00577452
0.00697112
0.00782379
0.00839561
0.00872489
0.00883245
0.00872489
0.00839561
0.00782379
0.00697112
0.00577452
0.00413048
0.00185242
0.00258485
0.00577452
0.00825066
0.0101475
0.0115476
0.0125085
0.0130695
0.013254
0.0130695
0.0125085
0.0115476
0.0101475
0.00825066
0.00577452
0.00258485
0.00307883
0.00697112
0.0101475
0.0126784
0.0146034
0.0159532
0.0167524
0.0170169
0.0167524
0.0159532
0.0146034
0.0126784
0.0101475
0.00697112
0.00307883
0.00341386
0.00782379
0.0115476
0.0146034
0.0169851
0.0186871
0.0197077
0.0200478
0.0197077
0.0186871
0.0169851
0.0146034
0.0115476
0.00782379
0.00341386
0.00363157
0.00839561
0.0125085
0.0159532
0.0186871
0.0206697
0.0218711
0.0222736
0.0218711
0.0206697
0.0186871
0.0159532
0.0125085
0.00839561
0.00363157
0.00375461
0.00872489
0.0130695
0.0167524
0.0197077
0.0218711
0.023191
0.0236347
0.023191
0.0218711
0.0197077
0.0167524
0.0130695
0.00872489
0.00375461
0.00379445
0.00883245
0.013254
0.0170169
0.0200478
0.0222736
0.0236347
0.0240929
0.0236347
0.0222736
0.0200478
0.0170169
0.013254
0.00883245
0.00379445
0.00375461
0.00872489
0.0130695
0.0167524
0.0197077
0.0218711
0.023191
0.0236347
0.023191
0.0218711
0.0197077
0.0167524
0.0130695
0.00872489
0.00375461
0.00363157
0.00839561
0.0125085
0.0159532
0.0186871
0.0206697
0.0218711
0.0222736
0.0218711
0.0206697
0.0186871
0.0159532
0.0125085
0.00839561
0.00363157
0.00341386
0.00782379
0.0115476
0.0146034
0.0169851
0.0186871
0.0197077
0.0200478
0.0197077
0.0186871
0.0169851
0.0146034
0.0115476
0.00782379
0.00341386
0.00307883
0.00697112
0.0101475
0.0126784
0.0146034
0.0159532
0.0167524
0.0170169
0.0167524
0.0159532
0.0146034
0.0126784
0.0101475
0.00697112
0.00307883
0.00258485
0.00577452
0.00825066
0.0101475
0.0115476
0.0125085
0.0130695
0.013254
0.0130695
0.0125085
0.0115476
0.0101475
0.00825066
0.00577452
0.00258485
0.00185242
0.00413048
0.00577452
0.00697112
0.00782379
0.00839561
0.00872489
0.00883245
0.00872489
0.00839561
0.00782379
0.00697112
0.00577452
0.00413048
0.00185242
0.000709092
0.00185242
0.00258485
0.00307883
0.00341386
0.00363157
0.00375461
0.00379445
0.00375461
0.00363157
0.00341386
0.00307883
0.00258485
0.00185242
0.000709092
0.000704677
0.00181076
0.00249559
0.00294042
0.00323108
0.00341386
0.00351469
0.00354691
0.00351469
0.00341386
0.00323108
0.00294042
0.00249559
0.00181076
0.000704677
0.00181076
0.00398861
0.00551448
0.00659142
0.00733656
0.00782379
0.00809921
0.0081883
0.00809921
0.00782379
0.00733656
0.00659142
0.00551448
0.00398861
0.00181076
0.00249559
0.00551448
0.00779651
0.00949876
0.0107242
0.0115476
0.012021
0.0121754
0.012021
0.0115476
0.0107242
0.00949876
0.00779651
0.00551448
0.00249559
0.00294042
0.00659142
0.00949876
0.0117609
0.0134443
0.0146034
0.0152806
0.0155031
0.0152806
0.0146034
0.0134443
0.0117609
0.00949876
0.00659142
0.00294042
0.00323108
0.00733656
0.0107242
0.0134443
0.0155233
0.0169851
0.0178516
0.0181386
0.0178516
0.0169851
0.0155233
0.0134443
0.0107242
0.00733656
0.00323108
0.00341386
0.00782379
0.0115476
0.0146034
0.0169851
0.0186871
0.0197077
0.0200478
0.0197077
0.0186871
0.0169851
0.0146034
0.0115476
0.00782379
0.00341386
0.00351469
0.00809921
0.012021
0.0152806
0.0178516
0.0197077
0.0208292
0.0212042
0.0208292
0.0197077
0.0178516
0.0152806
0.012021
0.00809921
0.00351469
0.00354691
0.0081883
0.0121754
0.0155031
0.0181386
0.0200478
0.0212042
0.0215916
0.0212042
0.0200478
0.0181386
0.0155031
0.0121754
0.0081883
0.00354691
0.00351469
0.00809921
0.012021
0.0152806
0.0178516
0.0197077
0.0208292
0.0212042
0.0208292
0.0197077
0.0178516
0.0152806
0.012021
0.00809921
0.00351469
0.00341386
0.00782379
0.0115476
0.0146034
0.0169851
0.0186871
0.0197077
0.0200478
0.0197077
0.0186871
0.0169851
0.0146034
0.0115476
0.00782379
0.00341386
0.00323108
0.00733656
0.0107242
0.0134443
0.0155233
0.0169851
0.0178516
0.0181386
0.0178516
0.0169851
0.0155233
0.0134443
0.0107242
0.00733656
0.00323108
0.00294042
0.00659142
0.00949876
0.0117609
0.0134443
0.0146034
0.0152806
0.0155031
0.0152806
0.0146034
0.0134443
0.0117609
0.00949876
0.00659142
0.00294042
0.00249559
0.00551448
0.00779651
0.00949876
0.0107242
0.0115476
0.012021
0.0121754
0.012021
0.0115476
0.0107242
0.00949876
0.00779651
0.00551448
0.00249559
0.00181076
0.00398861
0.00551448
0.00659142
0.00733656
0.00782379
0.00809921
0.0081883
0.00809921
0.00782379
0.00733656
0.00659142
0.00551448
0.00398861
0.00181076
0.000704677
0.00181076
0.00249559
0.00294042
0.00323108
0.00341386
0.00351469
0.00354691
0.00351469
0.00341386
0.00323108
0.00294042
0.00249559
0.00181076
0.000704677
0.000683737
0.0017243
0.00233483
0.0027092
0.00294042
0.00307883
0.00315242
0.00317547
0.00315242
0.00307883
0.00294042
0.0027092
0.00233483
0.0017243
0.000683737
0.0017243
0.0037362
0.00508226
0.00598967
0.00659142
0.00697112
0.00718031
0.00724707
0.00718031
0.00697112
0.00659142
0.00598967
0.00508226
0.0037362
0.0017243
0.00233483
0.00508226
0.00707531
0.00850499
0.00949876
0.0101475
0.010513
0.0106309
0.010513
0.0101475
0.00949876
0.00850499
0.00707531
0.00508226
0.00233483
0.0027092
0.00598967
0.00850499
0.0103957
0.0117609
0.0126784
0.0132055
0.0133772
0.0132055
0.0126784
0.0117609
0.0103957
0.00850499
0.00598967
0.0027092
0.00294042
0.00659142
0.00949876
0.0117609
0.0134443
0.0146034
0.0152806
0.0155031
0.0152806
0.0146034
0.0134443
0.0117609
0.00949876
0.00659142
0.00294042
0.00307883
0.00697112
0.0101475
0.0126784
0.0146034
0.0159532
0.0167524
0.0170169
0.0167524
0.0159532
0.0146034
0.0126784
0.0101475
0.00697112
0.00307883
0.00315242
0.00718031
0.010513
0.0132055
0.0152806
0.0167524
0.0176311
0.0179232
0.0176311
0.0167524
0.0152806
0.0132055
0.010513
0.00718031
0.00315242
0.00317547
0.00724707
0.0106309
0.0133772
0.0155031
0.0170169
0.0179232
0.018225
0.0179232
0.0170169
0.0155031
0.0133772
0.0106309
0.00724707
0.00317547
0.00315242
0.00718031
0.010513
0.0132055
0.0152806
0.0167524
0.0176311
0.0179232
0.0176311
0.0167524
0.0152806
0.0132055
0.010513
0.00718031
0.00315242
0.00307883
0.00697112
0.0101475
0.0126784
0.0146034
0.0159532
0.0167524
0.0170169
0.0167524
0.0159532
0.0146034
0.0126784
0.0101475
0.00697112
0.00307883
0.00294042
0.00659142
0.00949876
0.0117609
0.0134443
0.0146034
0.0152806
0.0155031
0.0152806
0.0146034
0.0134443
0.0117609
0.00949876
0.00659142
0.00294042
0.0027092
0.00598967
0.00850499
0.0103957
0.0117609
0.0126784
0.0132055
0.0133772
0.0132055
0.0126784
0.0117609
0.0103957
0.00850499
0.00598967
0.0027092
0.00233483
0.00508226
0.00707531
0.00850499
0.00949876
0.0101475
0.010513
0.0106309
0.010513
0.0101475
0.00949876
0.00850499
0.00707531
0.00508226
0.00233483
0.0017243
0.0037362
0.00508226
0.00598967
0.00659142
0.00697112
0.00718031
0.00724707
0.00718031
0.00697112
0.00659142
0.00598967
0.00508226
0.0037362
0.0017243
0.000683737
0.0017243
0.00233483
0.0027092
0.00294042
0.00307883
0.00315242
0.00317547
0.00315242
0.00307883
0.00294042
0.0027092
0.00233483
0.0017243
0.000683737
0.000620835
0.00154964
0.00205192
0.00233483
0.00249559
0.00258485
0.00262961
0.00264319
0.00262961
0.00258485
0.00249559
0.00233483
0.00205192
0.00154964
0.000620835
0.00154964
0.00329886
0.00439169
0.00508226
0.00551448
0.00577452
0.00591299
0.0059564
0.00591299
0.00577452
0.00551448
0.00508226
0.00439169
0.00329886
0.00154964
0.00205192
0.00439169
0.00598927
0.00707531
0.00779651
0.00825066
0.00850017
0.00857965
0.00850017
0.00825066
0.00779651
0.00707531
0.00598927
0.00439169
0.00205192
0.00233483
0.00508226
0.00707531
0.00850499
0.00949876
0.0101475
0.010513
0.0106309
0.010513
0.0101475
0.00949876
0.00850499
0.00707531
0.00508226
0.00233483
0.00249559
0.00551448
0.00779651
0.00949876
0.0107242
0.0115476
0.012021
0.0121754
0.012021
0.0115476
0.0107242
0.00949876
0.00779651
0.00551448
0.00249559
0.00258485
0.00577452
0.00825066
0.0101475
0.0115476
0.0125085
0.0130695
0.013254
0.0130695
0.0125085
0.0115476
0.0101475
0.00825066
0.00577452
0.00258485
0.00262961
0.00591299
0.00850017
0.010513
0.012021
0.0130695
0.0136877
0.013892
0.0136877
0.0130695
0.012021
0.010513
0.00850017
0.00591299
0.00262961
0.00264319
0.0059564
0.00857965
0.0106309
0.0121754
0.013254
0.013892
0.0141032
0.013892
0.013254
0.0121754
0.0106309
0.00857965
0.0059564
0.00264319
0.00262961
0.00591299
0.00850017
0.010513
0.012021
0.0130695
0.0136877
0.013892
0.0136877
0.0130695
0.012021
0.010513
0.00850017
0.00591299
0.00262961
0.00258485
0.00577452
0.00825066
0.0101475
0.0115476
0.0125085
0.0130695
0.013254
0.0130695
0.0125085
0.0115476
0.0101475
0.00825066
0.00577452
0.00258485
0.00249559
0.00551448
0.00779651
0.00949876
0.0107242
0.0115476
0.012021
0.0121754
0.012021
0.0115476
0.0107242
0.00949876
0.00779651
0.00551448
0.00249559
0.00233483
0.00508226
0.00707531
0.00850499
0.00949876
0.0101475
0.010513
0.0106309
0.010513
0.0101475
0.00949876
0.00850499
0.00707531
0.00508226
0.00233483
0.00205192
0.00439169
0.00598927
0.00707531
0.00779651
0.00825066
0.00850017
0.00857965
0.00850017
0.00825066
0.00779651
0.00707531
0.00598927
0.00439169
0.00205192
0.00154964
0.00329886
0.00439169
0.00508226
0.00551448
0.00577452
0.00591299
0.0059564
0.00591299
0.00577452
0.00551448
0.00508226
0.00439169
0.00329886
0.00154964
0.000620835
0.00154964
0.00205192
0.00233483
0.00249559
0.00258485
0.00262961
0.00264319
0.00262961
0.00258485
0.00249559
0.00233483
0.00205192
0.00154964
0.000620835
0.000455722
0.00119633
0.00154964
0.0017243
0.00181076
0.00185242
0.00187079
0.00187593
0.00187079
0.00185242
0.00181076
0.0017243
0.00154964
0.00119633
0.000455722
0.00119633
0.00254045
0.00329886
0.0037362
0.00398861
0.00413048
0.00420231
0.00422423
0.00420231
0.00413048
0.00398861
0.0037362
0.00329886
0.00254045
0.00119633
0.00154964
0.00329886
0.00439169
0.00508226
0.00551448
0.00577452
0.00591299
0.0059564
0.00591299
0.00577452
0.00551448
0.00508226
0.00439169
0.00329886
0.00154964
0.0017243
0.0037362
0.00508226
0.00598967
0.00659142
0.00697112
0.00718031
0.00724707
0.00718031
0.00697112
0.00659142
0.00598967
0.00508226
0.0037362
0.0017243
0.00181076
0.00398861
0.00551448
0.00659142
0.00733656
0.00782379
0.00809921
0.0081883
0.00809921
0.00782379
0.00733656
0.00659142
0.00551448
0.00398861
0.00181076
0.00185242
0.00413048
0.00577452
0.00697112
0.00782379
0.00839561
0.00872489
0.00883245
0.00872489
0.00839561
0.00782379
0.00697112
0.00577452
0.00413048
0.00185242
0.00187079
0.00420231
0.00591299
0.00718031
0.00809921
0.00872489
0.00908928
0.00920902
0.00908928
0.00872489
0.00809921
0.00718031
0.00591299
0.00420231
0.00187079
0.00187593
0.00422423
0.0059564
0.00724707
0.0081883
0.00883245
0.00920902
0.00933302
0.00920902
0.00883245
0.0081883
0.00724707
0.0059564
0.00422423
0.00187593
0.00187079
0.00420231
0.00591299
0.00718031
0.00809921
0.00872489
0.00908928
0.00920902
0.00908928
0.00872489
0.00809921
0.00718031
0.00591299
0.00420231
0.00187079
0.00185242
0.00413048
0.00577452
0.00697112
0.00782379
0.00839561
0.00872489
0.00883245
0.00872489
0.00839561
0.00782379
0.00697112
0.00577452
0.00413048
0.00185242
0.00181076
0.00398861
0.00551448
0.00659142
0.00733656
0.00782379
0.00809921
0.0081883
0.00809921
0.00782379
0.00733656
0.00659142
0.00551448
0.00398861
0.00181076
0.0017243
0.0037362
0.00508226
0.00598967
0.00659142
0.00697112
0.00718031
0.00724707
0.00718031
0.00697112
0.00659142
0.00598967
0.00508226
0.0037362
0.0017243
0.00154964
0.00329886
0.00439169
0.00508226
0.00551448
0.00577452
0.00591299
0.0059564
0.00591299
0.00577452
0.00551448
0.00508226
0.00439169
0.00329886
0.00154964
0.00119633
0.00254045
0.00329886
0.0037362
0.00398861
0.00413048
0.00420231
0.00422423
0.00420231
0.00413048
0.00398861
0.0037362
0.00329886
0.00254045
0.00119633
0.000455722
0.00119633
0.00154964
0.0017243
0.00181076
0.00185242
0.00187079
0.00187593
0.00187079
0.00185242
0.00181076
0.0017243
0.00154964
0.00119633
0.000455722
2.54366e-05
0.000455722
0.000620835
0.000683737
0.000704677
0.000709092
0.000708441
0.000707749
0.000708441
0.000709092
0.000704677
0.000683737
0.000620835
0.000455722
2.54366e-05
0.000455722
0.00119633
0.00154964
0.0017243
0.00181076
0.00185242
0.00187079
0.00187593
0.00187079
0.00185242
0.00181076
0.0017243
0.00154964
0.00119633
0.000455722
0.000620835
0.00154964
0.00205192
0.00233483
0.00249559
0.00258485
0.00262961
0.00264319
0.00262961
0.00258485
0.00249559
0.00233483
0.00205192
0.00154964
0.000620835
0.000683737
0.0017243
0.00233483
0.0027092
0.00294042
0.00307883
0.00315242
0.00317547
0.00315242
0.00307883
0.00294042
0.0027092
0.00233483
0.0017243
0.000683737
0.000704677
0.00181076
0.00249559
0.00294042
0.00323108
0.00341386
0.00351469
0.00354691
0.00351469
0.00341386
0.00323108
0.00294042
0.00249559
0.00181076
0.000704677
0.000709092
0.00185242
0.00258485
0.00307883
0.00341386
0.00363157
0.00375461
0.00379445
0.00375461
0.00363157
0.00341386
0.00307883
0.00258485
0.00185242
0.000709092
0.000708441
0.00187079
0.00262961
0.00315242
0.00351469
0.00375461
0.00389215
0.00393702
0.00389215
0.00375461
0.00351469
0.00315242
0.00262961
0.00187079
0.000708441
0.000707749
0.00187593
0.00264319
0.00317547
0.00354691
0.00379445
0.00393702
0.00398365
0.00393702
0.00379445
0.00354691
0.00317547
0.00264319
0.00187593
0.000707749
0.000708441
0.00187079
0.00262961
0.00315242
0.00351469
0.00375461
0.00389215
0.00393702
0.00389215
0.00375461
0.00351469
0.00315242
0.00262961
0.00187079
0.000708441
0.000709092
0.00185242
0.00258485
0.00307883
0.00341386
0.00363157
0.00375461
0.00379445
0.00375461
0.00363157
0.00341386
0.00307883
0.00258485
0.00185242
0.000709092
0.000704677
0.00181076
0.00249559
0.00294042
0.00323108
0.00341386
0.00351469
0.00354691
0.00351469
0.00341386
0.00323108
0.00294042
0.00249559
0.00181076
0.000704677
0.000683737
0.0017243
0.00233483
0.0027092
0.00294042
0.00307883
0.00315242
0.00317547
0.00315242
0.00307883
0.00294042
0.0027092
0.00233483
0.0017243
0.000683737
0.000620835
0.00154964
0.00205192
0.00233483
0.00249559
0.00258485
0.00262961
0.00264319
0.00262961
0.00258485
0.00249559
0.00233483
0.00205192
0.00154964
0.000620835
0.000455722
0.00119633
0.00154964
0.0017243
0.00181076
0.00185242
0.00187079
0.00187593
0.00187079
0.00185242
0.00181076
0.0017243
0.00154964
0.00119633
0.000455722
2.54366e-05
0.000455722
0.000620835
0.000683737
0.000704677
0.000709092
0.000708441
0.000707749
0.000708441
0.000709092
0.000704677
0.000683737
0.000620835
0.000455722
2.54366e-05
